2
3
6
7
9
10
13
17
18
19
21
22
23
27
30
32
38
40
42
47
51
55
57
58
61
63
65
67
68
71
73
76
79
82
83
85
90
93
96
99
100
102
103
104
105
110
111
113
116
121
124
127
129
131
132
138
143
147
152
154
155
156
159
161
164
165
168
170
171
172
180
181
183
185
194
195
200
201
202
208
209
210
212
216
217
218
222
227
230
232
235
238
240
241
242
244
246
247
251
252
254
256
257
258
265
269
275
278
283
286
289
292
293
295
296
300
302
304
305
306
310
313
318
320
323
325
328
329
330
331
333
335
337
338
341
343
344
348
352
354
355
362
365
366
378
380
381
385
386
391
394
396
398
404
405
407
408
412
414
417
423
427
428
429
433
437
447
448
451
453
459
461
463
465
466
471
474
475
476
477
478
486
487
488
491
492
499
500
503
504
505
508
509
511
514
517
522
527
531
532
536
537
538
540
542
543
547
551
553
556
558
559
566
568
570
572
577
579
584
585
588
592
594
595
597
598
599
600
601
605
617
619
620
625
634
635
637
642
643
644
647
648
649
650
653
654
659
661
663
664
667
668
677
681
682
686
687
690
693
694
696
699
701
705
706
707
713
716
720
724
727
728
730
732
734
735
736
737
738
740
742
743
746
747
756
757
759
764
765
766
769
771
773
775
776
779
785
792
794
795
798
801
802
806
808
810
811
813
818
820
821
822
823
824
826
827
828
832
834
836
841
842
843
845
851
852
857
863
866
867
868
869
872
873
874
876
879
885
887
889
891
896
897
898
900
902
903
907
910
913
917
918
925
926
928
933
934
936
938
940
941
944
948
949
954
955
959
960
961
964
967
969
974
976
978
979
980
981
982
983
986
987
988
990
991
997
1001
1010
1013
1016
1017
1019
1022
1023
1025
1029
1034
1035
1036
1042
1044
1046
1057
1058
1064
1066
1067
1068
1069
1075
1080
1082
1085
1092
1093
1095
1096
1098
1099
1101
1105
1107
1109
1113
1118
1119
1120
1123
1124
1130
1131
1133
1134
1139
1141
1147
1151
1153
1154
1155
1156
1157
1160
1161
1163
1164
1165
1166
1169
1170
1173
1180
1181
1182
1183
1184
1187
1188
1190
1191
1195
1196
1198
1201
1203
1205
1207
1208
1212
1215
1218
1226
1227
1236
1241
1244
1246
1247
1248
1249
1251
1257
1259
1261
1263
1264
1268
1271
1275
1281
1292
1294
1295
1298
1302
1304
1307
1311
1313
1314
1315
1316
1317
1319
1324
1325
1331
1332
1334
1336
1337
1348
1349
1352
1353
1357
1360
1364
1368
1371
1372
1375
1381
1384
1391
1394
1395
1398
1399
1403
1404
1407
1411
1412
1426
1432
1436
1439
1443
1444
1446
1450
1451
1453
1458
1460
1461
1464
1466
1473
1477
1478
1480
1481
1482
1483
1485
1487
1489
1498
1501
1503
1509
1512
1513
1514
1518
1520
1522
1527
1530
1533
1534
1542
1545
1548
1557
1560
1580
1581
1591
1592
1600
1603
1608
1609
1611
1612
1613
1614
1618
1620
1623
1629
1633
1637
1638
1639
1640
1643
1646
1659
1661
1663
1665
1667
1669
1670
1672
1673
1676
1677
1678
1682
1686
1691
1693
1697
1700
1703
1705
1706
1708
1709
1715
1718
1720
1721
1722
1726
1731
1733
1736
1737
1743
1753
1755
1756
1757
1758
1760
1762
1766
1768
1774
1776
1783
1784
1786
1787
1788
1789
1790
1791
1797
1798
1802
1804
1812
1814
1815
1816
1819
1820
1821
1826
1827
1829
1830
1832
1833
1837
1839
1845
1846
1848
1849
1854
1856
1857
1858
1861
1864
1868
1871
1873
1878
1881
1884
1885
1888
1890
1891
1894
1895
1901
1906
1908
1911
1912
1915
1921
1924
1925
1933
1935
1936
1939
1940
1941
1942
1943
1945
1951
1953
1954
1957
1960
1961
1962
1963
1969
1970
1978
1979
1980
1981
1983
1984
1989
1994
1995
