2.505
2.505
1.0645111
2.505
3.9454889
2.505
2.505
1.0645111
2.505
3.9454889
0.57238131
1.0645111
2.505
3.9454889
4.4376187
1.0645111
2.505
3.9454889
2.505
2.505
1.0645111
2.505
3.9454889
0.57238131
1.0645111
2.505
3.9454889
4.4376187
2.505
0.3564649
0.57238131
1.0645111
1.6567473
2.505
3.3532527
3.9454889
4.4376187
4.6535351
2.505
0.57238131
1.0645111
2.505
3.9454889
4.4376187
1.0645111
2.505
3.9454889
2.505
2.505
2.505
1.0645111
2.505
3.9454889
2.505
2.505
1.0645111
2.505
3.9454889
0.57238131
1.0645111
2.505
3.9454889
4.4376187
0.3564649
0.57238131
1.0645111
1.6567473
2.505
3.3532527
3.9454889
4.4376187
4.6535351
2.505
1.0645111
2.505
3.9454889
0.24408128
0.3564649
0.57238131
1.0645111
1.1615191
1.6567473
2.505
3.3532527
3.8484809
3.9454889
4.4376187
4.6535351
4.7659187
1.0645111
2.505
3.9454889
2.505
0.3564649
0.57238131
1.0645111
1.6567473
2.505
3.3532527
3.9454889
4.4376187
4.6535351
0.57238131
1.0645111
2.505
3.9454889
4.4376187
1.0645111
2.505
3.9454889
2.505
2.505
1.0645111
2.505
3.9454889
2.505
2.505
2.505
1.0645111
2.505
3.9454889
0.57238131
1.0645111
2.505
3.9454889
4.4376187
2.505
0.3564649
0.57238131
1.0645111
1.6567473
2.505
3.3532527
3.9454889
4.4376187
4.6535351
2.505
0.57238131
1.0645111
2.505
3.9454889
4.4376187
1.0645111
2.505
3.9454889
2.505
2.505
1.0645111
2.505
3.9454889
0.57238131
1.0645111
2.505
3.9454889
4.4376187
1.0645111
2.505
3.9454889
2.505
2.505
1.0645111
2.505
3.9454889
2.505
2.505
