1	0.1372	-0.9934	0.0125	1.0027
2	0.1546	-0.9908	-0.0051	1.0028
3	0.1546	-0.9908	-0.0051	1.0028
4	0.1546	-0.9908	-0.0051	1.0028
5	0.1546	-0.9908	-0.0051	1.0028
6	0.1546	-0.9908	-0.0051	1.0028
7	0.1805	-0.9864	-0.0313	1.0023
8	0.1805	-0.9864	-0.0313	1.0023
9	0.1805	-0.9864	-0.0313	1.0023
10	0.1805	-0.9864	-0.0313	1.0023
11	0.1805	-0.9864	-0.0313	1.0023
12	0.1805	-0.9864	-0.0313	1.0023
13	0.1805	-0.9864	-0.0313	1.0023
14	0.1805	-0.9864	-0.0313	1.0023
15	0.1805	-0.9864	-0.0313	1.0023
16	0.1805	-0.9864	-0.0313	1.0023
17	0.1805	-0.9864	-0.0313	1.0023
18	0.1805	-0.9864	-0.0313	1.0023
19	0.1805	-0.9864	-0.0313	1.0023
20	0.2210	-0.9781	-0.0727	1.0002
21	0.2210	-0.9781	-0.0727	1.0002
22	0.2210	-0.9781	-0.0727	1.0002
23	0.2210	-0.9781	-0.0727	1.0002
24	0.2210	-0.9781	-0.0727	1.0002
25	0.2210	-0.9781	-0.0727	1.0002
26	0.2210	-0.9781	-0.0727	1.0002
27	0.2210	-0.9781	-0.0727	1.0002
28	0.2210	-0.9781	-0.0727	1.0002
29	0.2210	-0.9781	-0.0727	1.0002
30	0.2210	-0.9781	-0.0727	1.0002
31	0.2210	-0.9781	-0.0727	1.0002
32	0.2210	-0.9781	-0.0727	1.0002
33	0.2210	-0.9781	-0.0727	1.0002
34	0.2210	-0.9781	-0.0727	1.0002
35	0.2210	-0.9781	-0.0727	1.0002
36	0.2210	-0.9781	-0.0727	1.0002
37	0.2210	-0.9781	-0.0727	1.0002
38	0.2210	-0.9781	-0.0727	1.0002
39	0.2210	-0.9781	-0.0727	1.0002
40	0.2210	-0.9781	-0.0727	1.0002
41	0.2210	-0.9781	-0.0727	1.0002
42	0.2210	-0.9781	-0.0727	1.0002
43	0.2210	-0.9781	-0.0727	1.0002
44	0.2210	-0.9781	-0.0727	1.0002
45	0.2210	-0.9781	-0.0727	1.0002
46	0.2210	-0.9781	-0.0727	1.0002
47	0.2210	-0.9781	-0.0727	1.0002
48	0.2210	-0.9781	-0.0727	1.0002
49	0.2896	-0.9601	-0.1432	0.9925
50	0.2896	-0.9601	-0.1432	0.9925
51	0.2896	-0.9601	-0.1432	0.9925
52	0.2896	-0.9601	-0.1432	0.9925
53	0.2896	-0.9601	-0.1432	0.9925
54	0.2896	-0.9601	-0.1432	0.9925
55	0.2896	-0.9601	-0.1432	0.9925
56	0.2896	-0.9601	-0.1432	0.9925
57	0.2896	-0.9601	-0.1432	0.9925
58	0.2896	-0.9601	-0.1432	0.9925
59	0.2896	-0.9601	-0.1432	0.9925
60	0.2896	-0.9601	-0.1432	0.9925
61	0.2896	-0.9601	-0.1432	0.9925
62	0.2896	-0.9601	-0.1432	0.9925
63	0.2896	-0.9601	-0.1432	0.9925
64	0.2896	-0.9601	-0.1432	0.9925
65	0.2896	-0.9601	-0.1432	0.9925
66	0.2896	-0.9601	-0.1432	0.9925
67	0.2896	-0.9601	-0.1432	0.9925
68	0.2896	-0.9601	-0.1432	0.9925
69	0.2896	-0.9601	-0.1432	0.9925
70	0.2896	-0.9601	-0.1432	0.9925
71	0.2896	-0.9601	-0.1432	0.9925
72	0.2896	-0.9601	-0.1432	0.9925
73	0.2896	-0.9601	-0.1432	0.9925
74	0.2896	-0.9601	-0.1432	0.9925
75	0.2896	-0.9601	-0.1432	0.9925
76	0.2896	-0.9601	-0.1432	0.9925
77	0.2896	-0.9601	-0.1432	0.9925
78	0.2896	-0.9601	-0.1432	0.9925
79	0.2896	-0.9601	-0.1432	0.9925
80	0.2896	-0.9601	-0.1432	0.9925
81	0.2896	-0.9601	-0.1432	0.9925
82	0.2896	-0.9601	-0.1432	0.9925
83	0.2896	-0.9601	-0.1432	0.9925
84	0.2896	-0.9601	-0.1432	0.9925
85	0.2896	-0.9601	-0.1432	0.9925
86	0.2896	-0.9601	-0.1432	0.9925
87	0.2896	-0.9601	-0.1432	0.9925
88	0.2896	-0.9601	-0.1432	0.9925
89	0.2896	-0.9601	-0.1432	0.9925
90	0.2896	-0.9601	-0.1432	0.9925
91	0.2896	-0.9601	-0.1432	0.9925
92	0.2896	-0.9601	-0.1432	0.9925
93	0.2896	-0.9601	-0.1432	0.9925
94	0.2896	-0.9601	-0.1432	0.9925
95	0.2896	-0.9601	-0.1432	0.9925
96	0.2896	-0.9601	-0.1432	0.9925
97	0.2896	-0.9601	-0.1432	0.9925
98	0.2896	-0.9601	-0.1432	0.9925
99	0.2896	-0.9601	-0.1432	0.9925
100	0.2896	-0.9601	-0.1432	0.9925
101	0.2896	-0.9601	-0.1432	0.9925
102	0.2896	-0.9601	-0.1432	0.9925
103	0.2896	-0.9601	-0.1432	0.9925
104	0.2896	-0.9601	-0.1432	0.9925
105	0.2896	-0.9601	-0.1432	0.9925
106	0.3852	-0.9259	-0.2428	0.9730
107	0.4171	-0.9120	-0.2764	0.9640
108	0.4171	-0.9120	-0.2764	0.9640
109	0.4171	-0.9120	-0.2764	0.9640
110	0.4171	-0.9120	-0.2764	0.9640
111	0.4171	-0.9120	-0.2764	0.9640
112	0.4171	-0.9120	-0.2764	0.9640
113	0.4171	-0.9120	-0.2764	0.9640
114	0.4171	-0.9120	-0.2764	0.9640
115	0.4171	-0.9120	-0.2764	0.9640
116	0.4171	-0.9120	-0.2764	0.9640
117	0.4171	-0.9120	-0.2764	0.9640
118	0.4171	-0.9120	-0.2764	0.9640
119	0.4171	-0.9120	-0.2764	0.9640
120	0.4171	-0.9120	-0.2764	0.9640
121	0.4171	-0.9120	-0.2764	0.9640
122	0.4171	-0.9120	-0.2764	0.9640
123	0.4171	-0.9120	-0.2764	0.9640
124	0.4171	-0.9120	-0.2764	0.9640
125	0.4171	-0.9120	-0.2764	0.9640
126	0.4171	-0.9120	-0.2764	0.9640
127	0.4171	-0.9120	-0.2764	0.9640
128	0.4171	-0.9120	-0.2764	0.9640
129	0.4171	-0.9120	-0.2764	0.9640
130	0.4171	-0.9120	-0.2764	0.9640
131	0.4171	-0.9120	-0.2764	0.9640
132	0.4171	-0.9120	-0.2764	0.9640
133	0.4171	-0.9120	-0.2764	0.9640
134	0.4171	-0.9120	-0.2764	0.9640
135	0.4171	-0.9120	-0.2764	0.9640
136	0.4171	-0.9120	-0.2764	0.9640
137	0.4171	-0.9120	-0.2764	0.9640
138	0.4171	-0.9120	-0.2764	0.9640
139	0.4171	-0.9120	-0.2764	0.9640
140	0.4171	-0.9120	-0.2764	0.9640
141	0.4171	-0.9120	-0.2764	0.9640
142	0.4171	-0.9120	-0.2764	0.9640
143	0.4171	-0.9120	-0.2764	0.9640
144	0.4171	-0.9120	-0.2764	0.9640
145	0.4171	-0.9120	-0.2764	0.9640
146	0.4171	-0.9120	-0.2764	0.9640
147	0.4171	-0.9120	-0.2764	0.9640
148	0.4171	-0.9120	-0.2764	0.9640
149	0.4171	-0.9120	-0.2764	0.9640
150	0.4171	-0.9120	-0.2764	0.9640
151	0.4171	-0.9120	-0.2764	0.9640
152	0.4171	-0.9120	-0.2764	0.9640
153	0.4171	-0.9120	-0.2764	0.9640
154	0.4171	-0.9120	-0.2764	0.9640
155	0.4171	-0.9120	-0.2764	0.9640
156	0.4171	-0.9120	-0.2764	0.9640
157	0.4171	-0.9120	-0.2764	0.9640
158	0.4171	-0.9120	-0.2764	0.9640
159	0.4171	-0.9120	-0.2764	0.9640
160	0.4171	-0.9120	-0.2764	0.9640
161	0.4171	-0.9120	-0.2764	0.9640
162	0.4171	-0.9120	-0.2764	0.9640
163	0.4171	-0.9120	-0.2764	0.9640
164	0.4171	-0.9120	-0.2764	0.9640
165	0.4171	-0.9120	-0.2764	0.9640
166	0.4171	-0.9120	-0.2764	0.9640
167	0.4171	-0.9120	-0.2764	0.9640
168	0.4171	-0.9120	-0.2764	0.9640
169	0.4171	-0.9120	-0.2764	0.9640
170	0.4171	-0.9120	-0.2764	0.9640
171	0.4171	-0.9120	-0.2764	0.9640
172	0.4171	-0.9120	-0.2764	0.9640
173	0.4171	-0.9120	-0.2764	0.9640
174	0.4171	-0.9120	-0.2764	0.9640
175	0.4171	-0.9120	-0.2764	0.9640
176	0.4171	-0.9120	-0.2764	0.9640
177	0.4171	-0.9120	-0.2764	0.9640
178	0.4171	-0.9120	-0.2764	0.9640
179	0.4171	-0.9120	-0.2764	0.9640
180	0.4171	-0.9120	-0.2764	0.9640
181	0.4171	-0.9120	-0.2764	0.9640
182	0.4171	-0.9120	-0.2764	0.9640
183	0.4171	-0.9120	-0.2764	0.9640
184	0.4171	-0.9120	-0.2764	0.9640
185	0.4171	-0.9120	-0.2764	0.9640
186	0.4171	-0.9120	-0.2764	0.9640
187	0.4171	-0.9120	-0.2764	0.9640
188	0.4171	-0.9120	-0.2764	0.9640
189	0.4171	-0.9120	-0.2764	0.9640
190	0.4171	-0.9120	-0.2764	0.9640
191	0.4171	-0.9120	-0.2764	0.9640
192	0.4171	-0.9120	-0.2764	0.9640
193	0.4171	-0.9120	-0.2764	0.9640
194	0.4171	-0.9120	-0.2764	0.9640
195	0.4171	-0.9120	-0.2764	0.9640
196	0.4171	-0.9120	-0.2764	0.9640
197	0.4171	-0.9120	-0.2764	0.9640
198	0.4171	-0.9120	-0.2764	0.9640
199	0.4171	-0.9120	-0.2764	0.9640
200	0.4171	-0.9120	-0.2764	0.9640
201	0.4171	-0.9120	-0.2764	0.9640
202	0.4171	-0.9120	-0.2764	0.9640
203	0.4171	-0.9120	-0.2764	0.9640
204	0.4638	-0.8891	-0.3260	0.9483
205	0.4638	-0.8891	-0.3260	0.9483
206	0.4638	-0.8891	-0.3260	0.9483
207	0.4638	-0.8891	-0.3260	0.9483
208	0.4638	-0.8891	-0.3260	0.9483
209	0.5720	-0.8237	-0.4428	0.8998
210	0.5720	-0.8237	-0.4428	0.8998
211	0.5720	-0.8237	-0.4428	0.8998
212	0.5720	-0.8237	-0.4428	0.8998
213	0.5720	-0.8237	-0.4428	0.8998
214	0.5720	-0.8237	-0.4428	0.8998
215	0.5720	-0.8237	-0.4428	0.8998
216	0.5720	-0.8237	-0.4428	0.8998
217	0.5720	-0.8237	-0.4428	0.8998
218	0.5720	-0.8237	-0.4428	0.8998
219	0.5720	-0.8237	-0.4428	0.8998
220	0.5720	-0.8237	-0.4428	0.8998
221	0.5720	-0.8237	-0.4428	0.8998
222	0.6753	-0.7414	-0.5571	0.8338
223	0.6753	-0.7414	-0.5571	0.8338
224	0.6753	-0.7414	-0.5571	0.8338
225	0.6753	-0.7414	-0.5571	0.8338
226	0.6753	-0.7414	-0.5571	0.8338
227	0.6753	-0.7414	-0.5571	0.8338
228	0.6753	-0.7414	-0.5571	0.8338
229	0.6753	-0.7414	-0.5571	0.8338
230	0.6753	-0.7414	-0.5571	0.8338
231	0.6753	-0.7414	-0.5571	0.8338
232	0.6753	-0.7414	-0.5571	0.8338
233	0.6753	-0.7414	-0.5571	0.8338
234	0.6753	-0.7414	-0.5571	0.8338
235	0.6753	-0.7414	-0.5571	0.8338
236	0.6753	-0.7414	-0.5571	0.8338
237	0.6753	-0.7414	-0.5571	0.8338
238	0.6753	-0.7414	-0.5571	0.8338
239	0.6753	-0.7414	-0.5571	0.8338
240	0.6753	-0.7414	-0.5571	0.8338
241	0.6753	-0.7414	-0.5571	0.8338
242	0.6753	-0.7414	-0.5571	0.8338
243	0.6753	-0.7414	-0.5571	0.8338
244	0.6753	-0.7414	-0.5571	0.8338
245	0.6753	-0.7414	-0.5571	0.8338
246	0.6753	-0.7414	-0.5571	0.8338
247	0.6753	-0.7414	-0.5571	0.8338
248	0.6753	-0.7414	-0.5571	0.8338
249	0.6753	-0.7414	-0.5571	0.8338
250	0.6753	-0.7414	-0.5571	0.8338
251	0.6753	-0.7414	-0.5571	0.8338
252	0.6753	-0.7414	-0.5571	0.8338
253	0.6753	-0.7414	-0.5571	0.8338
254	0.6753	-0.7414	-0.5571	0.8338
255	0.6753	-0.7414	-0.5571	0.8338
256	0.6753	-0.7414	-0.5571	0.8338
257	0.6753	-0.7414	-0.5571	0.8338
258	0.6753	-0.7414	-0.5571	0.8338
259	0.6753	-0.7414	-0.5571	0.8338
260	0.6753	-0.7414	-0.5571	0.8338
261	0.6753	-0.7414	-0.5571	0.8338
262	0.6753	-0.7414	-0.5571	0.8338
263	0.6753	-0.7414	-0.5571	0.8338
264	0.6753	-0.7414	-0.5571	0.8338
265	0.6753	-0.7414	-0.5571	0.8338
266	0.6753	-0.7414	-0.5571	0.8338
267	0.6753	-0.7414	-0.5571	0.8338
268	0.6753	-0.7414	-0.5571	0.8338
269	0.6753	-0.7414	-0.5571	0.8338
270	0.6753	-0.7414	-0.5571	0.8338
271	0.6753	-0.7414	-0.5571	0.8338
272	0.6753	-0.7414	-0.5571	0.8338
273	0.6753	-0.7414	-0.5571	0.8338
274	0.6753	-0.7414	-0.5571	0.8338
275	0.6753	-0.7414	-0.5571	0.8338
276	0.6753	-0.7414	-0.5571	0.8338
277	0.6753	-0.7414	-0.5571	0.8338
278	0.6753	-0.7414	-0.5571	0.8338
279	0.6753	-0.7414	-0.5571	0.8338
280	0.6753	-0.7414	-0.5571	0.8338
281	0.6753	-0.7414	-0.5571	0.8338
282	0.6753	-0.7414	-0.5571	0.8338
283	0.6753	-0.7414	-0.5571	0.8338
284	0.6753	-0.7414	-0.5571	0.8338
285	0.6753	-0.7414	-0.5571	0.8338
286	0.6753	-0.7414	-0.5571	0.8338
287	0.6753	-0.7414	-0.5571	0.8338
288	0.6753	-0.7414	-0.5571	0.8338
289	0.6753	-0.7414	-0.5571	0.8338
290	0.6753	-0.7414	-0.5571	0.8338
291	0.6753	-0.7414	-0.5571	0.8338
292	0.6753	-0.7414	-0.5571	0.8338
293	0.6753	-0.7414	-0.5571	0.8338
294	0.6753	-0.7414	-0.5571	0.8338
295	0.6753	-0.7414	-0.5571	0.8338
296	0.6753	-0.7414	-0.5571	0.8338
297	0.6753	-0.7414	-0.5571	0.8338
298	0.6753	-0.7414	-0.5571	0.8338
299	0.6753	-0.7414	-0.5571	0.8338
300	0.6753	-0.7414	-0.5571	0.8338
301	0.6753	-0.7414	-0.5571	0.8338
302	0.6753	-0.7414	-0.5571	0.8338
303	0.6753	-0.7414	-0.5571	0.8338
304	0.6753	-0.7414	-0.5571	0.8338
305	0.6753	-0.7414	-0.5571	0.8338
306	0.6753	-0.7414	-0.5571	0.8338
307	0.6753	-0.7414	-0.5571	0.8338
308	0.6753	-0.7414	-0.5571	0.8338
309	0.6753	-0.7414	-0.5571	0.8338
310	0.6753	-0.7414	-0.5571	0.8338
311	0.6753	-0.7414	-0.5571	0.8338
312	0.6753	-0.7414	-0.5571	0.8338
313	0.6753	-0.7414	-0.5571	0.8338
314	0.6753	-0.7414	-0.5571	0.8338
315	0.6753	-0.7414	-0.5571	0.8338
316	0.6753	-0.7414	-0.5571	0.8338
317	0.6753	-0.7414	-0.5571	0.8338
318	0.6753	-0.7414	-0.5571	0.8338
319	0.6753	-0.7414	-0.5571	0.8338
320	0.6753	-0.7414	-0.5571	0.8338
321	0.6753	-0.7414	-0.5571	0.8338
322	0.6753	-0.7414	-0.5571	0.8338
323	0.6753	-0.7414	-0.5571	0.8338
324	0.6753	-0.7414	-0.5571	0.8338
325	0.6753	-0.7414	-0.5571	0.8338
326	0.6753	-0.7414	-0.5571	0.8338
327	0.6753	-0.7414	-0.5571	0.8338
328	0.6753	-0.7414	-0.5571	0.8338
329	0.6753	-0.7414	-0.5571	0.8338
330	0.6753	-0.7414	-0.5571	0.8338
331	0.6753	-0.7414	-0.5571	0.8338
332	0.6753	-0.7414	-0.5571	0.8338
333	0.6753	-0.7414	-0.5571	0.8338
334	0.6753	-0.7414	-0.5571	0.8338
335	0.6753	-0.7414	-0.5571	0.8338
336	0.6753	-0.7414	-0.5571	0.8338
337	0.6753	-0.7414	-0.5571	0.8338
338	0.6753	-0.7414	-0.5571	0.8338
339	0.6753	-0.7414	-0.5571	0.8338
340	0.6753	-0.7414	-0.5571	0.8338
341	0.6753	-0.7414	-0.5571	0.8338
342	0.6753	-0.7414	-0.5571	0.8338
343	0.6753	-0.7414	-0.5571	0.8338
344	0.6753	-0.7414	-0.5571	0.8338
345	0.6753	-0.7414	-0.5571	0.8338
346	0.6753	-0.7414	-0.5571	0.8338
347	0.6753	-0.7414	-0.5571	0.8338
348	0.6753	-0.7414	-0.5571	0.8338
349	0.6753	-0.7414	-0.5571	0.8338
350	0.6753	-0.7414	-0.5571	0.8338
351	0.6753	-0.7414	-0.5571	0.8338
352	0.6753	-0.7414	-0.5571	0.8338
353	0.6753	-0.7414	-0.5571	0.8338
354	0.6753	-0.7414	-0.5571	0.8338
355	0.6753	-0.7414	-0.5571	0.8338
356	0.6753	-0.7414	-0.5571	0.8338
357	0.6753	-0.7414	-0.5571	0.8338
358	0.6753	-0.7414	-0.5571	0.8338
359	0.6753	-0.7414	-0.5571	0.8338
360	0.6753	-0.7414	-0.5571	0.8338
361	0.6753	-0.7414	-0.5571	0.8338
362	0.6753	-0.7414	-0.5571	0.8338
363	0.6753	-0.7414	-0.5571	0.8338
364	0.6753	-0.7414	-0.5571	0.8338
365	0.6753	-0.7414	-0.5571	0.8338
366	0.6753	-0.7414	-0.5571	0.8338
367	0.6753	-0.7414	-0.5571	0.8338
368	0.6753	-0.7414	-0.5571	0.8338
369	0.6753	-0.7414	-0.5571	0.8338
370	0.6753	-0.7414	-0.5571	0.8338
371	0.6753	-0.7414	-0.5571	0.8338
372	0.6753	-0.7414	-0.5571	0.8338
373	0.6753	-0.7414	-0.5571	0.8338
374	0.6753	-0.7414	-0.5571	0.8338
375	0.6753	-0.7414	-0.5571	0.8338
376	0.6753	-0.7414	-0.5571	0.8338
377	0.6753	-0.7414	-0.5571	0.8338
378	0.6753	-0.7414	-0.5571	0.8338
379	0.7193	-0.6988	-0.6070	0.7983
380	0.7193	-0.6988	-0.6070	0.7983
381	0.7193	-0.6988	-0.6070	0.7983
382	0.7193	-0.6988	-0.6070	0.7983
383	0.7193	-0.6988	-0.6070	0.7983
384	0.7193	-0.6988	-0.6070	0.7983
385	0.7193	-0.6988	-0.6070	0.7983
386	0.7193	-0.6988	-0.6070	0.7983
387	0.7193	-0.6988	-0.6070	0.7983
388	0.7193	-0.6988	-0.6070	0.7983
389	0.7193	-0.6988	-0.6070	0.7983
390	0.7193	-0.6988	-0.6070	0.7983
391	0.7193	-0.6988	-0.6070	0.7983
392	0.7193	-0.6988	-0.6070	0.7983
393	0.7193	-0.6988	-0.6070	0.7983
394	0.7193	-0.6988	-0.6070	0.7983
395	0.7193	-0.6988	-0.6070	0.7983
396	0.7193	-0.6988	-0.6070	0.7983
397	0.7193	-0.6988	-0.6070	0.7983
398	0.7193	-0.6988	-0.6070	0.7983
399	0.7193	-0.6988	-0.6070	0.7983
400	0.7193	-0.6988	-0.6070	0.7983
401	0.7193	-0.6988	-0.6070	0.7983
402	0.7193	-0.6988	-0.6070	0.7983
403	0.7193	-0.6988	-0.6070	0.7983
404	0.7193	-0.6988	-0.6070	0.7983
405	0.7193	-0.6988	-0.6070	0.7983
406	0.7193	-0.6988	-0.6070	0.7983
407	0.7193	-0.6988	-0.6070	0.7983
408	0.7333	-0.6840	-0.6231	0.7858
409	0.8482	-0.5349	-0.7589	0.6555
410	0.8482	-0.5349	-0.7589	0.6555
411	0.8482	-0.5349	-0.7589	0.6555
412	0.8482	-0.5349	-0.7589	0.6555
413	0.8482	-0.5349	-0.7589	0.6555
414	0.8989	-0.4445	-0.8226	0.5736
415	0.8989	-0.4445	-0.8226	0.5736
416	0.8989	-0.4445	-0.8226	0.5736
417	0.8989	-0.4445	-0.8226	0.5736
418	0.8989	-0.4445	-0.8226	0.5736
419	0.8989	-0.4445	-0.8226	0.5736
420	0.8989	-0.4445	-0.8226	0.5736
421	0.8989	-0.4445	-0.8226	0.5736
422	0.8989	-0.4445	-0.8226	0.5736
423	0.8989	-0.4445	-0.8226	0.5736
424	0.8989	-0.4445	-0.8226	0.5736
425	0.8989	-0.4445	-0.8226	0.5736
426	0.8989	-0.4445	-0.8226	0.5736
427	0.8989	-0.4445	-0.8226	0.5736
428	0.8989	-0.4445	-0.8226	0.5736
429	0.8989	-0.4445	-0.8226	0.5736
430	0.8989	-0.4445	-0.8226	0.5736
431	0.8989	-0.4445	-0.8226	0.5736
432	0.8989	-0.4445	-0.8226	0.5736
433	0.8989	-0.4445	-0.8226	0.5736
434	0.8989	-0.4445	-0.8226	0.5736
435	0.8989	-0.4445	-0.8226	0.5736
436	0.8989	-0.4445	-0.8226	0.5736
437	0.8989	-0.4445	-0.8226	0.5736
438	0.8989	-0.4445	-0.8226	0.5736
439	0.8989	-0.4445	-0.8226	0.5736
440	0.8989	-0.4445	-0.8226	0.5736
441	0.8989	-0.4445	-0.8226	0.5736
442	0.8989	-0.4445	-0.8226	0.5736
443	0.8989	-0.4445	-0.8226	0.5736
444	0.8989	-0.4445	-0.8226	0.5736
445	0.8989	-0.4445	-0.8226	0.5736
446	0.8989	-0.4445	-0.8226	0.5736
447	0.8989	-0.4445	-0.8226	0.5736
448	0.8989	-0.4445	-0.8226	0.5736
449	0.8989	-0.4445	-0.8226	0.5736
450	0.8989	-0.4445	-0.8226	0.5736
451	0.8989	-0.4445	-0.8226	0.5736
452	0.8989	-0.4445	-0.8226	0.5736
453	0.8989	-0.4445	-0.8226	0.5736
454	0.8989	-0.4445	-0.8226	0.5736
455	0.8989	-0.4445	-0.8226	0.5736
456	0.8989	-0.4445	-0.8226	0.5736
457	0.8989	-0.4445	-0.8226	0.5736
458	0.8989	-0.4445	-0.8226	0.5736
459	0.8989	-0.4445	-0.8226	0.5736
460	0.8989	-0.4445	-0.8226	0.5736
461	0.8989	-0.4445	-0.8226	0.5736
462	0.8989	-0.4445	-0.8226	0.5736
463	0.8989	-0.4445	-0.8226	0.5736
464	0.8989	-0.4445	-0.8226	0.5736
465	0.8989	-0.4445	-0.8226	0.5736
466	0.8989	-0.4445	-0.8226	0.5736
467	0.8989	-0.4445	-0.8226	0.5736
468	0.8989	-0.4445	-0.8226	0.5736
469	0.8989	-0.4445	-0.8226	0.5736
470	0.8989	-0.4445	-0.8226	0.5736
471	0.9580	-0.2963	-0.9031	0.4359
472	0.9580	-0.2963	-0.9031	0.4359
473	0.9580	-0.2963	-0.9031	0.4359
474	0.9580	-0.2963	-0.9031	0.4359
475	0.9580	-0.2963	-0.9031	0.4359
476	0.9580	-0.2963	-0.9031	0.4359
477	0.9580	-0.2963	-0.9031	0.4359
478	0.9580	-0.2963	-0.9031	0.4359
479	0.9580	-0.2963	-0.9031	0.4359
480	0.9580	-0.2963	-0.9031	0.4359
481	0.9580	-0.2963	-0.9031	0.4359
482	0.9580	-0.2963	-0.9031	0.4359
483	0.9580	-0.2963	-0.9031	0.4359
484	0.9801	-0.2123	-0.9375	0.3561
485	1.0000	0.0750	-1.0000	0.0750
486	1.0000	0.0750	-1.0000	0.0750
487	1.0000	0.0750	-1.0000	0.0750
488	1.0000	0.0750	-1.0000	0.0750
489	1.0000	0.0750	-1.0000	0.0750
490	1.0000	0.0750	-1.0000	0.0750
491	1.0000	0.0750	-1.0000	0.0750
492	1.0000	0.0750	-1.0000	0.0750
493	1.0000	0.0750	-1.0000	0.0750
494	1.0000	0.0750	-1.0000	0.0750
495	1.0000	0.0750	-1.0000	0.0750
496	1.0000	0.0750	-1.0000	0.0750
497	1.0000	0.0750	-1.0000	0.0750
498	1.0000	0.0750	-1.0000	0.0750
499	1.0000	0.0750	-1.0000	0.0750
500	1.0000	0.0750	-1.0000	0.0750
501	1.0000	0.0750	-1.0000	0.0750
502	1.0000	0.0750	-1.0000	0.0750
503	1.0000	0.0750	-1.0000	0.0750
504	1.0000	0.0750	-1.0000	0.0750
505	1.0000	0.0750	-1.0000	0.0750
506	1.0000	0.0750	-1.0000	0.0750
507	1.0000	0.0750	-1.0000	0.0750
508	1.0000	0.0750	-1.0000	0.0750
509	1.0000	0.0750	-1.0000	0.0750
510	1.0000	0.0750	-1.0000	0.0750
511	1.0000	0.0750	-1.0000	0.0750
512	1.0000	0.0750	-1.0000	0.0750
513	1.0000	0.0750	-1.0000	0.0750
514	1.0000	0.0750	-1.0000	0.0750
515	1.0000	0.0750	-1.0000	0.0750
516	1.0000	0.0750	-1.0000	0.0750
517	1.0000	0.0750	-1.0000	0.0750
518	1.0000	0.0750	-1.0000	0.0750
519	1.0000	0.0750	-1.0000	0.0750
520	1.0000	0.0750	-1.0000	0.0750
521	1.0000	0.0750	-1.0000	0.0750
522	1.0000	0.0750	-1.0000	0.0750
523	1.0000	0.0750	-1.0000	0.0750
524	1.0000	0.0750	-1.0000	0.0750
525	1.0000	0.0750	-1.0000	0.0750
526	1.0000	0.0750	-1.0000	0.0750
527	1.0000	0.0750	-1.0000	0.0750
528	1.0000	0.0750	-1.0000	0.0750
529	1.0000	0.0750	-1.0000	0.0750
530	1.0000	0.0750	-1.0000	0.0750
531	1.0000	0.0750	-1.0000	0.0750
532	1.0000	0.0750	-1.0000	0.0750
533	1.0000	0.0750	-1.0000	0.0750
534	1.0000	0.0750	-1.0000	0.0750
535	1.0000	0.0750	-1.0000	0.0750
536	1.0000	0.0750	-1.0000	0.0750
537	1.0000	0.0750	-1.0000	0.0750
538	1.0000	0.0750	-1.0000	0.0750
539	1.0000	0.0750	-1.0000	0.0750
540	1.0000	0.0750	-1.0000	0.0750
541	1.0000	0.0750	-1.0000	0.0750
542	1.0000	0.0750	-1.0000	0.0750
543	1.0000	0.0750	-1.0000	0.0750
544	1.0000	0.0750	-1.0000	0.0750
545	1.0000	0.0750	-1.0000	0.0750
546	1.0000	0.0750	-1.0000	0.0750
547	1.0000	0.0750	-1.0000	0.0750
548	1.0000	0.0750	-1.0000	0.0750
549	1.0000	0.0750	-1.0000	0.0750
550	1.0000	0.0750	-1.0000	0.0750
551	1.0000	0.0750	-1.0000	0.0750
552	1.0000	0.0750	-1.0000	0.0750
553	1.0000	0.0750	-1.0000	0.0750
554	1.0000	0.0750	-1.0000	0.0750
555	1.0000	0.0750	-1.0000	0.0750
556	1.0000	0.0750	-1.0000	0.0750
557	1.0000	0.0750	-1.0000	0.0750
558	1.0000	0.0750	-1.0000	0.0750
559	1.0000	0.0750	-1.0000	0.0750
560	1.0000	0.0750	-1.0000	0.0750
561	1.0000	0.0750	-1.0000	0.0750
562	1.0000	0.0750	-1.0000	0.0750
563	1.0000	0.0750	-1.0000	0.0750
564	1.0000	0.0750	-1.0000	0.0750
565	1.0000	0.0750	-1.0000	0.0750
566	1.0000	0.0750	-1.0000	0.0750
567	1.0000	0.0750	-1.0000	0.0750
568	1.0000	0.0750	-1.0000	0.0750
569	1.0000	0.0750	-1.0000	0.0750
570	1.0000	0.0750	-1.0000	0.0750
571	1.0000	0.0750	-1.0000	0.0750
572	1.0000	0.0750	-1.0000	0.0750
573	1.0000	0.0750	-1.0000	0.0750
574	1.0000	0.0750	-1.0000	0.0750
575	1.0000	0.0750	-1.0000	0.0750
576	1.0000	0.0750	-1.0000	0.0750
577	1.0000	0.0750	-1.0000	0.0750
578	1.0000	0.0750	-1.0000	0.0750
579	1.0000	0.0750	-1.0000	0.0750
580	1.0000	0.0750	-1.0000	0.0750
581	1.0000	0.0750	-1.0000	0.0750
582	1.0000	0.0750	-1.0000	0.0750
583	1.0000	0.0750	-1.0000	0.0750
584	1.0000	0.0750	-1.0000	0.0750
585	1.0000	0.0750	-1.0000	0.0750
586	1.0000	0.0750	-1.0000	0.0750
587	1.0000	0.0750	-1.0000	0.0750
588	1.0000	0.0750	-1.0000	0.0750
589	1.0000	0.0750	-1.0000	0.0750
590	1.0000	0.0750	-1.0000	0.0750
591	1.0000	0.0750	-1.0000	0.0750
592	1.0000	0.0750	-1.0000	0.0750
593	1.0000	0.0750	-1.0000	0.0750
594	1.0000	0.0750	-1.0000	0.0750
595	1.0000	0.0750	-1.0000	0.0750
596	1.0000	0.0750	-1.0000	0.0750
597	1.0000	0.0750	-1.0000	0.0750
598	1.0000	0.0750	-1.0000	0.0750
599	1.0000	0.0750	-1.0000	0.0750
600	1.0000	0.0750	-1.0000	0.0750
601	1.0000	0.0750	-1.0000	0.0750
602	1.0000	0.0750	-1.0000	0.0750
603	1.0000	0.0750	-1.0000	0.0750
604	1.0000	0.0750	-1.0000	0.0750
605	1.0000	0.0750	-1.0000	0.0750
606	1.0000	0.0750	-1.0000	0.0750
607	1.0000	0.0750	-1.0000	0.0750
608	1.0000	0.0750	-1.0000	0.0750
609	1.0000	0.0750	-1.0000	0.0750
610	1.0000	0.0750	-1.0000	0.0750
611	1.0000	0.0750	-1.0000	0.0750
612	1.0000	0.0750	-1.0000	0.0750
613	1.0000	0.0750	-1.0000	0.0750
614	1.0000	0.0750	-1.0000	0.0750
615	1.0000	0.0750	-1.0000	0.0750
616	1.0000	0.0750	-1.0000	0.0750
617	1.0000	0.0750	-1.0000	0.0750
618	1.0000	0.0750	-1.0000	0.0750
619	1.0000	0.0750	-1.0000	0.0750
620	1.0000	0.0750	-1.0000	0.0750
621	1.0000	0.0750	-1.0000	0.0750
622	1.0000	0.0750	-1.0000	0.0750
623	1.0000	0.0750	-1.0000	0.0750
624	1.0000	0.0750	-1.0000	0.0750
625	1.0000	0.0750	-1.0000	0.0750
626	1.0000	0.0750	-1.0000	0.0750
627	1.0000	0.0750	-1.0000	0.0750
628	1.0000	0.0750	-1.0000	0.0750
629	1.0000	0.0750	-1.0000	0.0750
630	1.0000	0.0750	-1.0000	0.0750
631	1.0000	0.0750	-1.0000	0.0750
632	1.0000	0.0750	-1.0000	0.0750
633	1.0000	0.0750	-1.0000	0.0750
634	1.0000	0.0750	-1.0000	0.0750
635	1.0000	0.0750	-1.0000	0.0750
636	1.0000	0.0750	-1.0000	0.0750
637	1.0000	0.0750	-1.0000	0.0750
638	1.0000	0.0750	-1.0000	0.0750
639	1.0000	0.0750	-1.0000	0.0750
640	1.0000	0.0750	-1.0000	0.0750
641	1.0000	0.0750	-1.0000	0.0750
642	1.0000	0.0750	-1.0000	0.0750
643	1.0000	0.0750	-1.0000	0.0750
644	1.0000	0.0750	-1.0000	0.0750
645	1.0000	0.0750	-1.0000	0.0750
646	1.0000	0.0750	-1.0000	0.0750
647	1.0000	0.0750	-1.0000	0.0750
648	1.0000	0.0750	-1.0000	0.0750
649	1.0000	0.0750	-1.0000	0.0750
650	1.0000	0.0750	-1.0000	0.0750
651	1.0000	0.0750	-1.0000	0.0750
652	1.0000	0.0750	-1.0000	0.0750
653	1.0000	0.0750	-1.0000	0.0750
654	1.0000	0.0750	-1.0000	0.0750
655	1.0000	0.0750	-1.0000	0.0750
656	1.0000	0.0750	-1.0000	0.0750
657	1.0000	0.0750	-1.0000	0.0750
658	1.0000	0.0750	-1.0000	0.0750
659	1.0000	0.0750	-1.0000	0.0750
660	1.0000	0.0750	-1.0000	0.0750
661	1.0000	0.0750	-1.0000	0.0750
662	1.0000	0.0750	-1.0000	0.0750
663	1.0000	0.0750	-1.0000	0.0750
664	1.0000	0.0750	-1.0000	0.0750
665	1.0000	0.0750	-1.0000	0.0750
666	1.0000	0.0750	-1.0000	0.0750
667	1.0000	0.0750	-1.0000	0.0750
668	1.0000	0.0750	-1.0000	0.0750
669	1.0000	0.0750	-1.0000	0.0750
670	1.0000	0.0750	-1.0000	0.0750
671	1.0000	0.0750	-1.0000	0.0750
672	1.0000	0.0750	-1.0000	0.0750
673	1.0000	0.0750	-1.0000	0.0750
674	1.0000	0.0750	-1.0000	0.0750
675	1.0000	0.0750	-1.0000	0.0750
676	1.0000	0.0750	-1.0000	0.0750
677	1.0000	0.0750	-1.0000	0.0750
678	1.0000	0.0750	-1.0000	0.0750
679	1.0000	0.0750	-1.0000	0.0750
680	1.0000	0.0750	-1.0000	0.0750
681	1.0000	0.0750	-1.0000	0.0750
682	1.0000	0.0750	-1.0000	0.0750
683	1.0000	0.0750	-1.0000	0.0750
684	1.0000	0.0750	-1.0000	0.0750
685	1.0000	0.0750	-1.0000	0.0750
686	1.0000	0.0750	-1.0000	0.0750
687	1.0000	0.0750	-1.0000	0.0750
688	1.0000	0.0750	-1.0000	0.0750
689	1.0000	0.0750	-1.0000	0.0750
690	1.0000	0.0750	-1.0000	0.0750
691	1.0000	0.0750	-1.0000	0.0750
692	1.0000	0.0750	-1.0000	0.0750
693	1.0000	0.0750	-1.0000	0.0750
694	1.0000	0.0750	-1.0000	0.0750
695	1.0000	0.0750	-1.0000	0.0750
696	1.0000	0.0750	-1.0000	0.0750
697	1.0000	0.0750	-1.0000	0.0750
698	1.0000	0.0750	-1.0000	0.0750
699	1.0000	0.0750	-1.0000	0.0750
700	1.0000	0.0750	-1.0000	0.0750
701	1.0000	0.0750	-1.0000	0.0750
702	1.0000	0.0750	-1.0000	0.0750
703	1.0000	0.0750	-1.0000	0.0750
704	1.0000	0.0750	-1.0000	0.0750
705	1.0000	0.0750	-1.0000	0.0750
706	1.0000	0.0750	-1.0000	0.0750
707	1.0000	0.0750	-1.0000	0.0750
708	1.0000	0.0750	-1.0000	0.0750
709	1.0000	0.0750	-1.0000	0.0750
710	1.0000	0.0750	-1.0000	0.0750
711	1.0000	0.0750	-1.0000	0.0750
712	1.0000	0.0750	-1.0000	0.0750
713	1.0000	0.0750	-1.0000	0.0750
714	1.0000	0.0750	-1.0000	0.0750
715	1.0000	0.0750	-1.0000	0.0750
716	1.0000	0.0750	-1.0000	0.0750
717	1.0000	0.0750	-1.0000	0.0750
718	1.0000	0.0750	-1.0000	0.0750
719	1.0000	0.0750	-1.0000	0.0750
720	1.0000	0.0750	-1.0000	0.0750
721	1.0000	0.0750	-1.0000	0.0750
722	1.0000	0.0750	-1.0000	0.0750
723	1.0000	0.0750	-1.0000	0.0750
724	1.0000	0.0750	-1.0000	0.0750
725	1.0000	0.0750	-1.0000	0.0750
726	1.0000	0.0750	-1.0000	0.0750
727	1.0000	0.0750	-1.0000	0.0750
728	1.0000	0.0750	-1.0000	0.0750
729	1.0000	0.0750	-1.0000	0.0750
730	1.0000	0.0750	-1.0000	0.0750
731	1.0000	0.0750	-1.0000	0.0750
732	1.0000	0.0750	-1.0000	0.0750
733	1.0000	0.0750	-1.0000	0.0750
734	1.0000	0.0750	-1.0000	0.0750
735	1.0000	0.0750	-1.0000	0.0750
736	1.0000	0.0750	-1.0000	0.0750
737	1.0000	0.0750	-1.0000	0.0750
738	1.0000	0.0750	-1.0000	0.0750
739	1.0000	0.0750	-1.0000	0.0750
740	1.0000	0.0750	-1.0000	0.0750
741	1.0000	0.0750	-1.0000	0.0750
742	1.0000	0.0750	-1.0000	0.0750
743	1.0000	0.0750	-1.0000	0.0750
744	1.0000	0.0750	-1.0000	0.0750
745	1.0000	0.0750	-1.0000	0.0750
746	1.0000	0.0750	-1.0000	0.0750
747	1.0000	0.0750	-1.0000	0.0750
748	1.0000	0.0750	-1.0000	0.0750
749	1.0000	0.0750	-1.0000	0.0750
750	0.9375	0.3561	-0.9801	-0.2123
751	0.9031	0.4359	-0.9580	-0.2963
752	0.9031	0.4359	-0.9580	-0.2963
753	0.9031	0.4359	-0.9580	-0.2963
754	0.9031	0.4359	-0.9580	-0.2963
755	0.9031	0.4359	-0.9580	-0.2963
756	0.9031	0.4359	-0.9580	-0.2963
757	0.9031	0.4359	-0.9580	-0.2963
758	0.9031	0.4359	-0.9580	-0.2963
759	0.9031	0.4359	-0.9580	-0.2963
760	0.9031	0.4359	-0.9580	-0.2963
761	0.9031	0.4359	-0.9580	-0.2963
762	0.9031	0.4359	-0.9580	-0.2963
763	0.9031	0.4359	-0.9580	-0.2963
764	0.8226	0.5736	-0.8989	-0.4445
765	0.8226	0.5736	-0.8989	-0.4445
766	0.8226	0.5736	-0.8989	-0.4445
767	0.8226	0.5736	-0.8989	-0.4445
768	0.8226	0.5736	-0.8989	-0.4445
769	0.8226	0.5736	-0.8989	-0.4445
770	0.8226	0.5736	-0.8989	-0.4445
771	0.8226	0.5736	-0.8989	-0.4445
772	0.8226	0.5736	-0.8989	-0.4445
773	0.8226	0.5736	-0.8989	-0.4445
774	0.8226	0.5736	-0.8989	-0.4445
775	0.8226	0.5736	-0.8989	-0.4445
776	0.8226	0.5736	-0.8989	-0.4445
777	0.8226	0.5736	-0.8989	-0.4445
778	0.8226	0.5736	-0.8989	-0.4445
779	0.8226	0.5736	-0.8989	-0.4445
780	0.8226	0.5736	-0.8989	-0.4445
781	0.8226	0.5736	-0.8989	-0.4445
782	0.8226	0.5736	-0.8989	-0.4445
783	0.8226	0.5736	-0.8989	-0.4445
784	0.8226	0.5736	-0.8989	-0.4445
785	0.8226	0.5736	-0.8989	-0.4445
786	0.8226	0.5736	-0.8989	-0.4445
787	0.8226	0.5736	-0.8989	-0.4445
788	0.8226	0.5736	-0.8989	-0.4445
789	0.8226	0.5736	-0.8989	-0.4445
790	0.8226	0.5736	-0.8989	-0.4445
791	0.8226	0.5736	-0.8989	-0.4445
792	0.8226	0.5736	-0.8989	-0.4445
793	0.8226	0.5736	-0.8989	-0.4445
794	0.8226	0.5736	-0.8989	-0.4445
795	0.8226	0.5736	-0.8989	-0.4445
796	0.8226	0.5736	-0.8989	-0.4445
797	0.8226	0.5736	-0.8989	-0.4445
798	0.8226	0.5736	-0.8989	-0.4445
799	0.8226	0.5736	-0.8989	-0.4445
800	0.8226	0.5736	-0.8989	-0.4445
801	0.8226	0.5736	-0.8989	-0.4445
802	0.8226	0.5736	-0.8989	-0.4445
803	0.8226	0.5736	-0.8989	-0.4445
804	0.8226	0.5736	-0.8989	-0.4445
805	0.8226	0.5736	-0.8989	-0.4445
806	0.8226	0.5736	-0.8989	-0.4445
807	0.8226	0.5736	-0.8989	-0.4445
808	0.8226	0.5736	-0.8989	-0.4445
809	0.8226	0.5736	-0.8989	-0.4445
810	0.8226	0.5736	-0.8989	-0.4445
811	0.8226	0.5736	-0.8989	-0.4445
812	0.8226	0.5736	-0.8989	-0.4445
813	0.8226	0.5736	-0.8989	-0.4445
814	0.8226	0.5736	-0.8989	-0.4445
815	0.8226	0.5736	-0.8989	-0.4445
816	0.8226	0.5736	-0.8989	-0.4445
817	0.8226	0.5736	-0.8989	-0.4445
818	0.8226	0.5736	-0.8989	-0.4445
819	0.8226	0.5736	-0.8989	-0.4445
820	0.8226	0.5736	-0.8989	-0.4445
821	0.7589	0.6555	-0.8482	-0.5349
822	0.7589	0.6555	-0.8482	-0.5349
823	0.7589	0.6555	-0.8482	-0.5349
824	0.7589	0.6555	-0.8482	-0.5349
825	0.7589	0.6555	-0.8482	-0.5349
826	0.6231	0.7858	-0.7333	-0.6840
827	0.6070	0.7983	-0.7193	-0.6988
828	0.6070	0.7983	-0.7193	-0.6988
829	0.6070	0.7983	-0.7193	-0.6988
830	0.6070	0.7983	-0.7193	-0.6988
831	0.6070	0.7983	-0.7193	-0.6988
832	0.6070	0.7983	-0.7193	-0.6988
833	0.6070	0.7983	-0.7193	-0.6988
834	0.6070	0.7983	-0.7193	-0.6988
835	0.6070	0.7983	-0.7193	-0.6988
836	0.6070	0.7983	-0.7193	-0.6988
837	0.6070	0.7983	-0.7193	-0.6988
838	0.6070	0.7983	-0.7193	-0.6988
839	0.6070	0.7983	-0.7193	-0.6988
840	0.6070	0.7983	-0.7193	-0.6988
841	0.6070	0.7983	-0.7193	-0.6988
842	0.6070	0.7983	-0.7193	-0.6988
843	0.6070	0.7983	-0.7193	-0.6988
844	0.6070	0.7983	-0.7193	-0.6988
845	0.6070	0.7983	-0.7193	-0.6988
846	0.6070	0.7983	-0.7193	-0.6988
847	0.6070	0.7983	-0.7193	-0.6988
848	0.6070	0.7983	-0.7193	-0.6988
849	0.6070	0.7983	-0.7193	-0.6988
850	0.6070	0.7983	-0.7193	-0.6988
851	0.6070	0.7983	-0.7193	-0.6988
852	0.6070	0.7983	-0.7193	-0.6988
853	0.6070	0.7983	-0.7193	-0.6988
854	0.6070	0.7983	-0.7193	-0.6988
855	0.6070	0.7983	-0.7193	-0.6988
856	0.5571	0.8338	-0.6753	-0.7414
857	0.5571	0.8338	-0.6753	-0.7414
858	0.5571	0.8338	-0.6753	-0.7414
859	0.5571	0.8338	-0.6753	-0.7414
860	0.5571	0.8338	-0.6753	-0.7414
861	0.5571	0.8338	-0.6753	-0.7414
862	0.5571	0.8338	-0.6753	-0.7414
863	0.5571	0.8338	-0.6753	-0.7414
864	0.5571	0.8338	-0.6753	-0.7414
865	0.5571	0.8338	-0.6753	-0.7414
866	0.5571	0.8338	-0.6753	-0.7414
867	0.5571	0.8338	-0.6753	-0.7414
868	0.5571	0.8338	-0.6753	-0.7414
869	0.5571	0.8338	-0.6753	-0.7414
870	0.5571	0.8338	-0.6753	-0.7414
871	0.5571	0.8338	-0.6753	-0.7414
872	0.5571	0.8338	-0.6753	-0.7414
873	0.5571	0.8338	-0.6753	-0.7414
874	0.5571	0.8338	-0.6753	-0.7414
875	0.5571	0.8338	-0.6753	-0.7414
876	0.5571	0.8338	-0.6753	-0.7414
877	0.5571	0.8338	-0.6753	-0.7414
878	0.5571	0.8338	-0.6753	-0.7414
879	0.5571	0.8338	-0.6753	-0.7414
880	0.5571	0.8338	-0.6753	-0.7414
881	0.5571	0.8338	-0.6753	-0.7414
882	0.5571	0.8338	-0.6753	-0.7414
883	0.5571	0.8338	-0.6753	-0.7414
884	0.5571	0.8338	-0.6753	-0.7414
885	0.5571	0.8338	-0.6753	-0.7414
886	0.5571	0.8338	-0.6753	-0.7414
887	0.5571	0.8338	-0.6753	-0.7414
888	0.5571	0.8338	-0.6753	-0.7414
889	0.5571	0.8338	-0.6753	-0.7414
890	0.5571	0.8338	-0.6753	-0.7414
891	0.5571	0.8338	-0.6753	-0.7414
892	0.5571	0.8338	-0.6753	-0.7414
893	0.5571	0.8338	-0.6753	-0.7414
894	0.5571	0.8338	-0.6753	-0.7414
895	0.5571	0.8338	-0.6753	-0.7414
896	0.5571	0.8338	-0.6753	-0.7414
897	0.5571	0.8338	-0.6753	-0.7414
898	0.5571	0.8338	-0.6753	-0.7414
899	0.5571	0.8338	-0.6753	-0.7414
900	0.5571	0.8338	-0.6753	-0.7414
901	0.5571	0.8338	-0.6753	-0.7414
902	0.5571	0.8338	-0.6753	-0.7414
903	0.5571	0.8338	-0.6753	-0.7414
904	0.5571	0.8338	-0.6753	-0.7414
905	0.5571	0.8338	-0.6753	-0.7414
906	0.5571	0.8338	-0.6753	-0.7414
907	0.5571	0.8338	-0.6753	-0.7414
908	0.5571	0.8338	-0.6753	-0.7414
909	0.5571	0.8338	-0.6753	-0.7414
910	0.5571	0.8338	-0.6753	-0.7414
911	0.5571	0.8338	-0.6753	-0.7414
912	0.5571	0.8338	-0.6753	-0.7414
913	0.5571	0.8338	-0.6753	-0.7414
914	0.5571	0.8338	-0.6753	-0.7414
915	0.5571	0.8338	-0.6753	-0.7414
916	0.5571	0.8338	-0.6753	-0.7414
917	0.5571	0.8338	-0.6753	-0.7414
918	0.5571	0.8338	-0.6753	-0.7414
919	0.5571	0.8338	-0.6753	-0.7414
920	0.5571	0.8338	-0.6753	-0.7414
921	0.5571	0.8338	-0.6753	-0.7414
922	0.5571	0.8338	-0.6753	-0.7414
923	0.5571	0.8338	-0.6753	-0.7414
924	0.5571	0.8338	-0.6753	-0.7414
925	0.5571	0.8338	-0.6753	-0.7414
926	0.5571	0.8338	-0.6753	-0.7414
927	0.5571	0.8338	-0.6753	-0.7414
928	0.5571	0.8338	-0.6753	-0.7414
929	0.5571	0.8338	-0.6753	-0.7414
930	0.5571	0.8338	-0.6753	-0.7414
931	0.5571	0.8338	-0.6753	-0.7414
932	0.5571	0.8338	-0.6753	-0.7414
933	0.5571	0.8338	-0.6753	-0.7414
934	0.5571	0.8338	-0.6753	-0.7414
935	0.5571	0.8338	-0.6753	-0.7414
936	0.5571	0.8338	-0.6753	-0.7414
937	0.5571	0.8338	-0.6753	-0.7414
938	0.5571	0.8338	-0.6753	-0.7414
939	0.5571	0.8338	-0.6753	-0.7414
940	0.5571	0.8338	-0.6753	-0.7414
941	0.5571	0.8338	-0.6753	-0.7414
942	0.5571	0.8338	-0.6753	-0.7414
943	0.5571	0.8338	-0.6753	-0.7414
944	0.5571	0.8338	-0.6753	-0.7414
945	0.5571	0.8338	-0.6753	-0.7414
946	0.5571	0.8338	-0.6753	-0.7414
947	0.5571	0.8338	-0.6753	-0.7414
948	0.5571	0.8338	-0.6753	-0.7414
949	0.5571	0.8338	-0.6753	-0.7414
950	0.5571	0.8338	-0.6753	-0.7414
951	0.5571	0.8338	-0.6753	-0.7414
952	0.5571	0.8338	-0.6753	-0.7414
953	0.5571	0.8338	-0.6753	-0.7414
954	0.5571	0.8338	-0.6753	-0.7414
955	0.5571	0.8338	-0.6753	-0.7414
956	0.5571	0.8338	-0.6753	-0.7414
957	0.5571	0.8338	-0.6753	-0.7414
958	0.5571	0.8338	-0.6753	-0.7414
959	0.5571	0.8338	-0.6753	-0.7414
960	0.5571	0.8338	-0.6753	-0.7414
961	0.5571	0.8338	-0.6753	-0.7414
962	0.5571	0.8338	-0.6753	-0.7414
963	0.5571	0.8338	-0.6753	-0.7414
964	0.5571	0.8338	-0.6753	-0.7414
965	0.5571	0.8338	-0.6753	-0.7414
966	0.5571	0.8338	-0.6753	-0.7414
967	0.5571	0.8338	-0.6753	-0.7414
968	0.5571	0.8338	-0.6753	-0.7414
969	0.5571	0.8338	-0.6753	-0.7414
970	0.5571	0.8338	-0.6753	-0.7414
971	0.5571	0.8338	-0.6753	-0.7414
972	0.5571	0.8338	-0.6753	-0.7414
973	0.5571	0.8338	-0.6753	-0.7414
974	0.5571	0.8338	-0.6753	-0.7414
975	0.5571	0.8338	-0.6753	-0.7414
976	0.5571	0.8338	-0.6753	-0.7414
977	0.5571	0.8338	-0.6753	-0.7414
978	0.5571	0.8338	-0.6753	-0.7414
979	0.5571	0.8338	-0.6753	-0.7414
980	0.5571	0.8338	-0.6753	-0.7414
981	0.5571	0.8338	-0.6753	-0.7414
982	0.5571	0.8338	-0.6753	-0.7414
983	0.5571	0.8338	-0.6753	-0.7414
984	0.5571	0.8338	-0.6753	-0.7414
985	0.5571	0.8338	-0.6753	-0.7414
986	0.5571	0.8338	-0.6753	-0.7414
987	0.5571	0.8338	-0.6753	-0.7414
988	0.5571	0.8338	-0.6753	-0.7414
989	0.5571	0.8338	-0.6753	-0.7414
990	0.5571	0.8338	-0.6753	-0.7414
991	0.5571	0.8338	-0.6753	-0.7414
992	0.5571	0.8338	-0.6753	-0.7414
993	0.5571	0.8338	-0.6753	-0.7414
994	0.5571	0.8338	-0.6753	-0.7414
995	0.5571	0.8338	-0.6753	-0.7414
996	0.5571	0.8338	-0.6753	-0.7414
997	0.5571	0.8338	-0.6753	-0.7414
998	0.5571	0.8338	-0.6753	-0.7414
999	0.5571	0.8338	-0.6753	-0.7414
1000	0.5571	0.8338	-0.6753	-0.7414
1001	0.5571	0.8338	-0.6753	-0.7414
1002	0.5571	0.8338	-0.6753	-0.7414
1003	0.5571	0.8338	-0.6753	-0.7414
1004	0.5571	0.8338	-0.6753	-0.7414
1005	0.5571	0.8338	-0.6753	-0.7414
1006	0.5571	0.8338	-0.6753	-0.7414
1007	0.5571	0.8338	-0.6753	-0.7414
1008	0.5571	0.8338	-0.6753	-0.7414
1009	0.5571	0.8338	-0.6753	-0.7414
1010	0.5571	0.8338	-0.6753	-0.7414
1011	0.5571	0.8338	-0.6753	-0.7414
1012	0.5571	0.8338	-0.6753	-0.7414
1013	0.4428	0.8998	-0.5720	-0.8237
1014	0.4428	0.8998	-0.5720	-0.8237
1015	0.4428	0.8998	-0.5720	-0.8237
1016	0.4428	0.8998	-0.5720	-0.8237
1017	0.4428	0.8998	-0.5720	-0.8237
1018	0.4428	0.8998	-0.5720	-0.8237
1019	0.4428	0.8998	-0.5720	-0.8237
1020	0.4428	0.8998	-0.5720	-0.8237
1021	0.4428	0.8998	-0.5720	-0.8237
1022	0.4428	0.8998	-0.5720	-0.8237
1023	0.4428	0.8998	-0.5720	-0.8237
1024	0.4428	0.8998	-0.5720	-0.8237
1025	0.4428	0.8998	-0.5720	-0.8237
1026	0.3260	0.9483	-0.4638	-0.8891
1027	0.3260	0.9483	-0.4638	-0.8891
1028	0.3260	0.9483	-0.4638	-0.8891
1029	0.3260	0.9483	-0.4638	-0.8891
1030	0.3260	0.9483	-0.4638	-0.8891
1031	0.2764	0.9640	-0.4171	-0.9120
1032	0.2764	0.9640	-0.4171	-0.9120
1033	0.2764	0.9640	-0.4171	-0.9120
1034	0.2764	0.9640	-0.4171	-0.9120
1035	0.2764	0.9640	-0.4171	-0.9120
1036	0.2764	0.9640	-0.4171	-0.9120
1037	0.2764	0.9640	-0.4171	-0.9120
1038	0.2764	0.9640	-0.4171	-0.9120
1039	0.2764	0.9640	-0.4171	-0.9120
1040	0.2764	0.9640	-0.4171	-0.9120
1041	0.2764	0.9640	-0.4171	-0.9120
1042	0.2764	0.9640	-0.4171	-0.9120
1043	0.2764	0.9640	-0.4171	-0.9120
1044	0.2764	0.9640	-0.4171	-0.9120
1045	0.2764	0.9640	-0.4171	-0.9120
1046	0.2764	0.9640	-0.4171	-0.9120
1047	0.2764	0.9640	-0.4171	-0.9120
1048	0.2764	0.9640	-0.4171	-0.9120
1049	0.2764	0.9640	-0.4171	-0.9120
1050	0.2764	0.9640	-0.4171	-0.9120
1051	0.2764	0.9640	-0.4171	-0.9120
1052	0.2764	0.9640	-0.4171	-0.9120
1053	0.2764	0.9640	-0.4171	-0.9120
1054	0.2764	0.9640	-0.4171	-0.9120
1055	0.2764	0.9640	-0.4171	-0.9120
1056	0.2764	0.9640	-0.4171	-0.9120
1057	0.2764	0.9640	-0.4171	-0.9120
1058	0.2764	0.9640	-0.4171	-0.9120
1059	0.2764	0.9640	-0.4171	-0.9120
1060	0.2764	0.9640	-0.4171	-0.9120
1061	0.2764	0.9640	-0.4171	-0.9120
1062	0.2764	0.9640	-0.4171	-0.9120
1063	0.2764	0.9640	-0.4171	-0.9120
1064	0.2764	0.9640	-0.4171	-0.9120
1065	0.2764	0.9640	-0.4171	-0.9120
1066	0.2764	0.9640	-0.4171	-0.9120
1067	0.2764	0.9640	-0.4171	-0.9120
1068	0.2764	0.9640	-0.4171	-0.9120
1069	0.2764	0.9640	-0.4171	-0.9120
1070	0.2764	0.9640	-0.4171	-0.9120
1071	0.2764	0.9640	-0.4171	-0.9120
1072	0.2764	0.9640	-0.4171	-0.9120
1073	0.2764	0.9640	-0.4171	-0.9120
1074	0.2764	0.9640	-0.4171	-0.9120
1075	0.2764	0.9640	-0.4171	-0.9120
1076	0.2764	0.9640	-0.4171	-0.9120
1077	0.2764	0.9640	-0.4171	-0.9120
1078	0.2764	0.9640	-0.4171	-0.9120
1079	0.2764	0.9640	-0.4171	-0.9120
1080	0.2764	0.9640	-0.4171	-0.9120
1081	0.2764	0.9640	-0.4171	-0.9120
1082	0.2764	0.9640	-0.4171	-0.9120
1083	0.2764	0.9640	-0.4171	-0.9120
1084	0.2764	0.9640	-0.4171	-0.9120
1085	0.2764	0.9640	-0.4171	-0.9120
1086	0.2764	0.9640	-0.4171	-0.9120
1087	0.2764	0.9640	-0.4171	-0.9120
1088	0.2764	0.9640	-0.4171	-0.9120
1089	0.2764	0.9640	-0.4171	-0.9120
1090	0.2764	0.9640	-0.4171	-0.9120
1091	0.2764	0.9640	-0.4171	-0.9120
1092	0.2764	0.9640	-0.4171	-0.9120
1093	0.2764	0.9640	-0.4171	-0.9120
1094	0.2764	0.9640	-0.4171	-0.9120
1095	0.2764	0.9640	-0.4171	-0.9120
1096	0.2764	0.9640	-0.4171	-0.9120
1097	0.2764	0.9640	-0.4171	-0.9120
1098	0.2764	0.9640	-0.4171	-0.9120
1099	0.2764	0.9640	-0.4171	-0.9120
1100	0.2764	0.9640	-0.4171	-0.9120
1101	0.2764	0.9640	-0.4171	-0.9120
1102	0.2764	0.9640	-0.4171	-0.9120
1103	0.2764	0.9640	-0.4171	-0.9120
1104	0.2764	0.9640	-0.4171	-0.9120
1105	0.2764	0.9640	-0.4171	-0.9120
1106	0.2764	0.9640	-0.4171	-0.9120
1107	0.2764	0.9640	-0.4171	-0.9120
1108	0.2764	0.9640	-0.4171	-0.9120
1109	0.2764	0.9640	-0.4171	-0.9120
1110	0.2764	0.9640	-0.4171	-0.9120
1111	0.2764	0.9640	-0.4171	-0.9120
1112	0.2764	0.9640	-0.4171	-0.9120
1113	0.2764	0.9640	-0.4171	-0.9120
1114	0.2764	0.9640	-0.4171	-0.9120
1115	0.2764	0.9640	-0.4171	-0.9120
1116	0.2764	0.9640	-0.4171	-0.9120
1117	0.2764	0.9640	-0.4171	-0.9120
1118	0.2764	0.9640	-0.4171	-0.9120
1119	0.2764	0.9640	-0.4171	-0.9120
1120	0.2764	0.9640	-0.4171	-0.9120
1121	0.2764	0.9640	-0.4171	-0.9120
1122	0.2764	0.9640	-0.4171	-0.9120
1123	0.2764	0.9640	-0.4171	-0.9120
1124	0.2764	0.9640	-0.4171	-0.9120
1125	0.2764	0.9640	-0.4171	-0.9120
1126	0.2764	0.9640	-0.4171	-0.9120
1127	0.2764	0.9640	-0.4171	-0.9120
1128	0.2428	0.9730	-0.3852	-0.9259
1129	0.1432	0.9925	-0.2896	-0.9601
1130	0.1432	0.9925	-0.2896	-0.9601
1131	0.1432	0.9925	-0.2896	-0.9601
1132	0.1432	0.9925	-0.2896	-0.9601
1133	0.1432	0.9925	-0.2896	-0.9601
1134	0.1432	0.9925	-0.2896	-0.9601
1135	0.1432	0.9925	-0.2896	-0.9601
1136	0.1432	0.9925	-0.2896	-0.9601
1137	0.1432	0.9925	-0.2896	-0.9601
1138	0.1432	0.9925	-0.2896	-0.9601
1139	0.1432	0.9925	-0.2896	-0.9601
1140	0.1432	0.9925	-0.2896	-0.9601
1141	0.1432	0.9925	-0.2896	-0.9601
1142	0.1432	0.9925	-0.2896	-0.9601
1143	0.1432	0.9925	-0.2896	-0.9601
1144	0.1432	0.9925	-0.2896	-0.9601
1145	0.1432	0.9925	-0.2896	-0.9601
1146	0.1432	0.9925	-0.2896	-0.9601
1147	0.1432	0.9925	-0.2896	-0.9601
1148	0.1432	0.9925	-0.2896	-0.9601
1149	0.1432	0.9925	-0.2896	-0.9601
1150	0.1432	0.9925	-0.2896	-0.9601
1151	0.1432	0.9925	-0.2896	-0.9601
1152	0.1432	0.9925	-0.2896	-0.9601
1153	0.1432	0.9925	-0.2896	-0.9601
1154	0.1432	0.9925	-0.2896	-0.9601
1155	0.1432	0.9925	-0.2896	-0.9601
1156	0.1432	0.9925	-0.2896	-0.9601
1157	0.1432	0.9925	-0.2896	-0.9601
1158	0.1432	0.9925	-0.2896	-0.9601
1159	0.1432	0.9925	-0.2896	-0.9601
1160	0.1432	0.9925	-0.2896	-0.9601
1161	0.1432	0.9925	-0.2896	-0.9601
1162	0.1432	0.9925	-0.2896	-0.9601
1163	0.1432	0.9925	-0.2896	-0.9601
1164	0.1432	0.9925	-0.2896	-0.9601
1165	0.1432	0.9925	-0.2896	-0.9601
1166	0.1432	0.9925	-0.2896	-0.9601
1167	0.1432	0.9925	-0.2896	-0.9601
1168	0.1432	0.9925	-0.2896	-0.9601
1169	0.1432	0.9925	-0.2896	-0.9601
1170	0.1432	0.9925	-0.2896	-0.9601
1171	0.1432	0.9925	-0.2896	-0.9601
1172	0.1432	0.9925	-0.2896	-0.9601
1173	0.1432	0.9925	-0.2896	-0.9601
1174	0.1432	0.9925	-0.2896	-0.9601
1175	0.1432	0.9925	-0.2896	-0.9601
1176	0.1432	0.9925	-0.2896	-0.9601
1177	0.1432	0.9925	-0.2896	-0.9601
1178	0.1432	0.9925	-0.2896	-0.9601
1179	0.1432	0.9925	-0.2896	-0.9601
1180	0.1432	0.9925	-0.2896	-0.9601
1181	0.1432	0.9925	-0.2896	-0.9601
1182	0.1432	0.9925	-0.2896	-0.9601
1183	0.1432	0.9925	-0.2896	-0.9601
1184	0.1432	0.9925	-0.2896	-0.9601
1185	0.1432	0.9925	-0.2896	-0.9601
1186	0.0727	1.0002	-0.2210	-0.9781
1187	0.0727	1.0002	-0.2210	-0.9781
1188	0.0727	1.0002	-0.2210	-0.9781
1189	0.0727	1.0002	-0.2210	-0.9781
1190	0.0727	1.0002	-0.2210	-0.9781
1191	0.0727	1.0002	-0.2210	-0.9781
1192	0.0727	1.0002	-0.2210	-0.9781
1193	0.0727	1.0002	-0.2210	-0.9781
1194	0.0727	1.0002	-0.2210	-0.9781
1195	0.0727	1.0002	-0.2210	-0.9781
1196	0.0727	1.0002	-0.2210	-0.9781
1197	0.0727	1.0002	-0.2210	-0.9781
1198	0.0727	1.0002	-0.2210	-0.9781
1199	0.0727	1.0002	-0.2210	-0.9781
1200	0.0727	1.0002	-0.2210	-0.9781
1201	0.0727	1.0002	-0.2210	-0.9781
1202	0.0727	1.0002	-0.2210	-0.9781
1203	0.0727	1.0002	-0.2210	-0.9781
1204	0.0727	1.0002	-0.2210	-0.9781
1205	0.0727	1.0002	-0.2210	-0.9781
1206	0.0727	1.0002	-0.2210	-0.9781
1207	0.0727	1.0002	-0.2210	-0.9781
1208	0.0727	1.0002	-0.2210	-0.9781
1209	0.0727	1.0002	-0.2210	-0.9781
1210	0.0727	1.0002	-0.2210	-0.9781
1211	0.0727	1.0002	-0.2210	-0.9781
1212	0.0727	1.0002	-0.2210	-0.9781
1213	0.0727	1.0002	-0.2210	-0.9781
1214	0.0727	1.0002	-0.2210	-0.9781
1215	0.0313	1.0023	-0.1805	-0.9864
1216	0.0313	1.0023	-0.1805	-0.9864
1217	0.0313	1.0023	-0.1805	-0.9864
1218	0.0313	1.0023	-0.1805	-0.9864
1219	0.0313	1.0023	-0.1805	-0.9864
1220	0.0313	1.0023	-0.1805	-0.9864
1221	0.0313	1.0023	-0.1805	-0.9864
1222	0.0313	1.0023	-0.1805	-0.9864
1223	0.0313	1.0023	-0.1805	-0.9864
1224	0.0313	1.0023	-0.1805	-0.9864
1225	0.0313	1.0023	-0.1805	-0.9864
1226	0.0313	1.0023	-0.1805	-0.9864
1227	0.0313	1.0023	-0.1805	-0.9864
1228	0.0051	1.0028	-0.1546	-0.9908
1229	0.0051	1.0028	-0.1546	-0.9908
1230	0.0051	1.0028	-0.1546	-0.9908
1231	0.0051	1.0028	-0.1546	-0.9908
1232	0.0051	1.0028	-0.1546	-0.9908
1233	-0.0125	1.0027	-0.1372	-0.9934
